latitude=26.759576
longitude=94.198355